image: /home/xd20/ros/workspace_sim/src/navi/maps/nav.pgm
resolution: 0.050000
origin: [-50.000000, -50.000000, 0.000000]
negate: 0
occupied_thresh: 0.65
free_thresh: 0.196

